2021-08-29 10-02-45####1####0####0####1####21####2####21
1####12####8####2####4####0####0
0####0####-1####1####0
1 1 1 2 2 2 1 2 
0 0 1 2 2 1 2 1 
1 0 0 1 1 1 1 2 
1 31 2 2 -1 -1
2 31 1 4 -1 -1
1 31 1 0 -1 -1
2 31 1 2 -1 -1
1 31 1 3 -1 -1
2 31 1 6 -1 -1
1 31 1 5 -1 -1
2 31 0 4 -1 -1
1 31 2 4 -1 -1
2 31 2 3 -1 -1
1 31 0 0 -1 -1
2 31 2 0 -1 -1
1 31 0 2 -1 -1
2 31 0 1 -1 -1
1 31 0 6 -1 -1
2 31 0 7 -1 -1
1 31 2 5 -1 -1
2 31 0 5 -1 -1
1 31 2 6 -1 -1
1 32 1 6 -1 -1
2 31 1 7 -1 -1
1 31 2 7 -1 -1
2 31 1 1 -1 -1
1 31 2 1 -1 -1
2 31 0 3 -1 -1
2 33 1 7 1 6
1 33 2 7 1 7
2 33 2 0 2 7
1 33 2 1 2 0
1 34 1 1 -1 -1
2 33 1 2 1 1
1 33 1 3 1 2
1 34 1 1 -1 -1
2 33 2 3 1 3
1 33 2 2 2 3
2 33 0 1 1 1
1 33 0 0 0 1
2 33 1 1 2 1
1 33 1 0 0 0
1 34 2 1 -1 -1