2021-08-28 22-57-43####2####0####0####1####21####2####21
3####2####9####1####4####0####0
0####6####-1####0####5
0 0 0 0 0 0 2 0 
2 2 2 2 2 0 2 2 
1 0 1 0 0 0 2 0 
1 31 2 0 -1 -1
2 31 1 2 -1 -1
1 31 2 2 -1 -1
2 31 2 4 -1 -1
1 31 2 1 -1 -1
1 32 1 2 -1 -1
2 31 2 6 -1 -1
1 31 2 5 -1 -1
2 31 1 6 -1 -1
1 31 0 6 -1 -1
2 31 1 4 -1 -1
1 31 0 4 -1 -1
2 31 1 5 -1 -1
2 32 2 5 -1 -1
1 31 0 5 -1 -1
1 32 1 5 -1 -1
2 31 1 0 -1 -1
1 31 1 7 -1 -1
2 31 1 3 -1 -1
1 31 0 3 -1 -1
2 31 0 2 -1 -1
1 31 0 1 -1 -1
2 31 1 1 -1 -1
1 31 0 0 -1 -1
2 31 0 7 -1 -1
1 31 2 7 -1 -1
2 31 2 3 -1 -1
2 33 1 4 1 5
1 33 2 2 1 2
2 33 2 4 1 4
2 34 1 2 -1 -1
1 33 2 1 2 2
2 33 0 2 1 2
2 34 0 1 -1 -1
2 34 0 0 -1 -1
1 33 0 3 0 2
2 33 2 3 2 4
1 33 0 4 0 3
2 33 1 5 2 5
2 34 0 5 -1 -1
1 33 0 6 0 5
2 33 2 5 1 5
2 34 0 5 -1 -1
1 33 2 0 2 1
2 33 1 5 2 5
2 34 1 7 -1 -1
1 33 2 7 2 0
1 34 2 5 -1 -1
2 33 0 7 1 7
2 34 2 0 -1 -1
1 33 2 1 2 0
2 33 2 4 2 5
1 33 0 2 0 1
2 33 2 5 1 5
2 34 0 1 -1 -1
1 33 0 3 0 2
2 33 1 5 0 5
1 33 0 2 0 1
2 33 0 5 0 6
2 34 0 1 -1 -1