2021-08-28 20-46-53####1####0####0####1####21####2####21
4####9####2####2####4####0####0
1####2####-1####1####3
2 1 1 1 1 0 0 1 
0 0 1 0 0 0 2 1 
1 0 1 0 0 0 0 0 
1 31 2 2 -1 -1
2 31 2 4 -1 -1
1 31 1 2 -1 -1
2 31 0 0 -1 -1
1 31 1 0 -1 -1
2 31 0 4 -1 -1
1 31 1 4 -1 -1
2 31 1 6 -1 -1
1 31 0 7 -1 -1
2 31 1 1 -1 -1
1 31 1 3 -1 -1
1 32 2 4 -1 -1
2 31 2 6 -1 -1
1 31 2 0 -1 -1
2 31 2 1 -1 -1
1 31 0 1 -1 -1
2 31 0 6 -1 -1
2 32 0 1 -1 -1
1 31 0 2 -1 -1
1 32 0 0 -1 -1
2 31 0 5 -1 -1
2 32 1 4 -1 -1
1 31 2 7 -1 -1
2 31 2 3 -1 -1
1 31 0 3 -1 -1
2 31 1 7 -1 -1
1 31 1 5 -1 -1
2 31 2 5 -1 -1
2 33 2 5 2 4
1 33 1 5 1 4
1 34 0 4 -1 -1
2 33 0 5 1 5
1 33 1 4 0 4
1 34 1 5 -1 -1
2 33 1 6 1 5
1 33 0 7 0 0
1 34 1 5 -1 -1
2 33 1 7 1 6
2 34 1 0 -1 -1
1 33 2 7 1 7
2 33 1 1 1 0
1 33 0 2 0 1
2 33 1 6 1 5
1 33 1 2 0 2
1 34 1 5 -1 -1
1 34 2 6 -1 -1
2 33 0 6 1 6
1 33 0 4 0 5
2 33 2 4 1 4
1 33 0 5 0 4
1 34 1 4 -1 -1
2 33 2 3 2 4
1 33 0 0 0 7
2 33 1 0 0 0
1 33 0 4 0 5
2 33 2 4 1 4
1 33 0 5 0 4
1 34 1 4 -1 -1
2 33 2 1 1 1
1 33 1 3 1 2
1 34 1 1 -1 -1