2021-08-29 10-42-45####0####0####0####1####21####2####21
2####12####10####1####3####0####0
1####1####1101####2####1
0 1 1 2 1 2 1 1 
1 2 2 1 2 2 1 2 
1 0 1 2 2 1 2 1 
1 31 2 2 -1 -1
2 31 1 4 -1 -1
1 31 0 2 -1 -1
2 31 1 2 -1 -1
1 31 1 3 -1 -1
2 31 2 4 -1 -1
1 31 0 4 -1 -1
2 31 0 3 -1 -1
1 31 2 0 -1 -1
2 31 2 1 -1 -1
1 31 0 0 -1 -1
2 31 0 1 -1 -1
1 31 1 0 -1 -1
1 32 2 1 -1 -1
2 31 1 1 -1 -1
1 31 0 6 -1 -1
2 31 0 5 -1 -1
1 31 0 7 -1 -1
1 32 0 1 -1 -1
2 31 1 7 -1 -1
1 31 1 6 -1 -1
2 31 2 6 -1 -1
1 31 2 5 -1 -1
2 31 1 5 -1 -1
1 31 2 7 -1 -1
2 31 2 3 -1 -1
2 33 1 1 2 1
1 33 0 0 0 1
2 33 2 1 1 1